2			2		2		2		2		2		3		3		3		3	
																				
			Allele.1.105b	Allele.1.106	Allele.1.128	Allele.1.129b	Allele.1.11	Allele.1.11b	Allele.1.113	Allele.1.113b	Allele.1.213	Allele.1.213b	Allele.1.2	Allele.1.2b	Allele.1.8	Allele.1.8b	Allele.1.17	Allele.1.17b	Allele.1.13	Allele.1.13b
Barber	d	1	340	340	316	332	222	222	138	140	331	331	236	239	102	105	84	120	230	233
Barber	d	1	326	340	318	346	222	222	138	138	331	331	236	236	102	105	84	84	227	227
Barber	d	1	336	340	322	346	222	222	138	138	331	331	236	239						
Barber	d	1	328	336	316	318	222	222	138	138	331	331	233	239	102	105	102	126	236	236
Barber	d	1	336	340	332	342	204	222	132	138	331	331	233	242	102	102	84	135	227	230
Barber	d	1	330	340	318	322	204	222	138	138	331	331	233	236	102	105	84	105	236	239
Barber	d	1	322	326	318	322	204	222	138	138	331	331	233	239	105	105	84	111	230	233
Barber	d	1	326	336	316	322	198	198	138	138	331	331	236	236	102	105	111	123	230	233
Barber	d	1	336	340	326	326	210	222	138	138	331	331	236	239	102	105	84	105	236	239
Barber	d	1	326	340	318	332	222	226	138	140	331	331	236	239	102	105	114	120	233	236
Barber	d	1	330	340	318	346	222	226	138	138	331	331	236	242	105	105	84	111	233	233
Barber	d	1	336	340	316	322	222	222	138	138	331	331	236	242	105	108	72	126	233	233
Barber	d	1	340	340	326	346	222	222	138	138	331	331	236	236	102	108	123	123	233	236
Barber	d	1	334	336	316	346	204	222	132	138	331	331	236	239	102	105	102	117	233	233
Barber	d	1	326	336	326	332	198	222	138	138	331	331	233	239	102	108	99	126	230	233
Barber	d	1	340	340	316	316	204	230	132	140	331	331	233	239	105	105	120	126	236	239
Barber	d	1	326	340	332	332	222	222	138	138	331	331	227	239	102	105	114	132	233	233
Barber	d	1	330	340	326	326	222	222	132	138	331	331	239	239	93	102	105	105	233	236
Barber	d	1	332	340	316	322	204	222	132	140	331	331	239	245	102	108	105	135	233	233
Barber	d	1	336	336	320	348	204	206	138	140	331	331	233	239	102	105	93	102	233	233
Barber	d	1	332	340	316	346	204	206	138	138	331	331	236	248	102	105	75	84	233	239
Barber	d	1	326	326	326	326			138	138	331	331	233	233	93	105	102	105	233	236
Barber	d	1	330	336	316	322	206	222	138	138	331	331	233	236	102	108	84	84	233	233
Barber	d	1	330	340	318	322			138	138	331	331	236	236	105	105	120	120	233	233
Barber	d	1	326	340	316	346	204	218	138	138	331	331	239	239	102	105	102	123	227	236
Barber	d	1	330	344	326	332	198	206	138	138	331	331	236	239	102	102	120	126	233	233
Barber	d	1	330	332	318	328	204	222	138	140	331	331	233	233	102	105	84	114	233	236
Barber	d	1	326	336	316	346	222	222	138	138	331	331	233	245	102	102	84	126	227	233
Barber	d	1	324	340	318	332	206	222	138	138	331	332	233	239	105	108	84	111	233	233
Barber	d	1	332	340	318	336	204	204	138	138	331	331	236	236	102	105	84	105	227	239
Grand	d	1	332	340	318	350	206	222	138	138	331	331	236	239	102	105	84	105	233	233
Grand	d	1	336	340	322	342	198	222	132	138	331	331	236	239	102	108	126	126	233	236
Grand	d	1	326	340	316	346	204	222	138	138	331	331	233	239	102	108	69	108	233	233
Grand	d	1	326	330	318	346			138	138	331	331	236	236	102	105	84	111	233	236
Grand	d	1	340	340	316	346			138	138	331	331	233	239	102	105	105	105	227	230
Grand	d	1	330	340	318	332	222	222	132	138	331	331	233	236	102	105	69	105	233	236
Grand	d	1	326	340	326	326	204	222	138	138	331	331	233	242	102	105	84	108	230	233
Grand	d	1	326	336	322	346	204	222	138	138	331	331	239	242	102	108	84	111	233	236
Grand	d	1	336	340	346	346	222	222	138	138	331	331	236	248	102	105	72	84	233	236
Grand	d	1	340	340	316	324	204	222	132	134	331	331	236	236	102	105	105	117	227	230
Grand	d	1											242	245	102	102	105	111	233	233
Grand	d	1											236	239	105	105	108	120	233	236
Grand	d	1	326	340	332	346	198	204	138	138	331	331	236	242	102	105	126	132	233	236
Grand	d	1	326	336	322	328	210	222	132	138	331	331	233	239	105	105	123	126	233	233
Grand	d	1	330	336	328	346	206	222	138	138	331	331	236	239	102	108	72	84	233	233
Grand	d	1											236	236	105	108	105	114	233	236
Grand	d	1	326	340	318	320	198	218	138	140	331	331	239	242	102	102	84	93	233	236
Grand	d	1	336	336	316	316	222	222	138	138	331	331	233	236	102	105	120	126	233	233
Grand	d	1	324	326	316	340	222	222	138	138	331	331	233	233	108	111	84	108	233	233
Grand	d	1	332	342	324	326	204	222	138	140	331	331	233	242	102	102	69	69	233	233
Grand	d	1	340	340	318	322	204	222	138	138	331	331	242	242	102	105	69	126	233	233
Grand	d	1	336	344	328	346	218	222	138	138	331	331	233	236	105	108	123	126	236	236
Grand	d	1	336	336			206	222	138	140	331	331	236	242	102	108	117	123	233	236
Grand	d	1	336	340	326	328	204	222	138	138	331	331	233	245	102	105	102	105	233	233
Grand	d	1	326	336	316	316	204	222	138	138	331	331	233	236	102	105	84	111	233	236
Grand	d	1	336	340	322	332	204	222	132	138	331	331	233	236	102	105	84	105	230	233
Grand	d	1	326	340	318	332	206	222	138	138	331	331	233	239	102	105	102	129	233	236
Grand	d	1	330	340	346	346	204	222	138	138	331	331	236	239	102	102	84	105	227	236
Grand	d	1	334	336	316	320	222	222	138	140	331	331	233	236	105	108	75	111	227	233
Grand	d	1	326	340	322	328	204	222	138	140	331	331	239	239	102	102	84	126	233	233
ISN	d	1	340	340	316	326	218	222	138	140	331	331	239	239	105	108	105	123	233	233
ISN	d	1	330	336	318	318	204	218	138	140	331	331	236	236	105	105	84	138	233	233
ISN	d	1	332	340	332	346	222	222	138	138	331	331	236	242	102	105	69	132	233	233
ISN	d	1	326	336	336	344	206	222	138	138	331	331	233	239	102	105	84	105	233	239
ISN	d	1	340	340	316	322	198	222	138	140	331	331	236	239	99	102	102	105		
ISN	d	1	340	340	320	348	198	206	138	138	331	331	239	239	102	105	84	102	227	227
ISN	d	1	326	330	316	322	198	222	138	138	331	331	233	236	105	108	102	105	227	233
ISN	d	1	336	340	316	326	204	222	138	138	331	331	236	242	102	105	84	93	233	233
ISN	d	1	326	336	316	316	204	222	132	138	331	331	239	242	102	105	105	129	230	233
ISN	d	1	340	340	318	326	198	222	138	138	331	331	233	239	102	108	72	117	233	233
ISN	d	1	326	332	316	336	222	222	138	140	331	331	236	236	105	105	126	132	233	236
ISN	d	1	336	340	316	332	198	222	138	138	331	331	233	233	102	105	93	117	239	242
ISN	d	1	330	330	324	346	222	222	138	138	331	331	227	233	105	108	84	114	233	233
ISN	d	1	326	328	322	346	222	222	132	138	331	331	233	236						
ISN	d	1	330	340	316	318	222	222	138	138	331	331	233	239	105	105	114	129	233	236
ISN	d	1	326	340	316	318	198	222	138	140	331	331	236	236	102	105	84	108	233	236
ISN	d	1	326	326	316	322	204	222	138	140	331	331	233	236	102	108	105	114	233	233
ISN	d	1	336	340	322	326	198	222	132	138	331	331			102	102	114	114	233	236
ISN	d	1	336	336	316	326	198	204	138	140	331	331	236	236	105	108	84	126	233	236
ISN	d	1	340	340	318	350	222	222	138	138	331	331	239	242	102	105	102	129	233	236
ISN	d	1	326	326	344	346	198	204	132	140	331	331	233	236	102	105	102	120	230	233
ISN	d	1	328	336	316	332	204	222	138	140	331	331	236	245	102	105	84	93	233	233
ISN	d	1	340	342	326	346	204	206	132	140	331	331	233	242	105	105	90	120	233	236
ISN	d	1	324	340	316	326	198	222	138	138	331	331	236	239	102	102	72	117	230	233
ISN	d	1	330	342	336	346			140	140	331	331			105	108	84	105	225	233
ISN	d	1	336	340	322	332	198	204	138	138	331	331	236	236	102	108	84	84	233	239
ISN	d	1	336	340	322	326	204	222	138	138	331	331	233	236	105	105	84	120	233	233
ISN	d	1	330	340	332	336	204	222	138	138	331	331	233	245	105	105	96	126	230	236
ISN	d	1	326	340	316	336	204	222	132	138	331	331	233	233	105	108	84	84	236	236
ISN	d	1	324	326	320	346	198	222	138	142	331	331	245	245	87	102	84	123	230	239
ISN	d	1	328	344	328	346			138	138	331	331	236	236	102	102	120	129	233	236
ISS	d	1	332	340	332	342	216	222	138	140	331	331	233	242	105	105	111	117	233	233
ISS	d	1	340	340	320	320	198	198	138	138					102	105	105	114	236	236
ISS	d	1	326	326	316	316	198	204	138	140	331	331	245	254					236	236
ISS	d	1	336	340	320	320	222	222	138	140	331	331	233	236	102	102	69	117	233	233
ISS	d	1	330	336			206	222	138	140	331	331	233	239	105	105	105	123		
ISS	d	1	334	340	322	332	222	222	138	140	331	331	239	242	105	105	111	120	233	233
ISS	d	1	330	336	316	322	204	222	138	138	331	331	242	245	102	108	72	84	233	233
ISS	d	1	340	340	318	328	218	222	132	140	331	331	236	236	102	105	84	129	233	236
ISS	d	1	326	336	322	346	204	222	138	140	331	331	236	239	102	105	84	111	230	236
ISS	d	1	340	340	318	320	222	222	140	140	331	331	236	239	105	108	84	102	233	233
ISS	d	1	332	340	320	320	222	222	138	140	331	331	233	239	102	105	84	84	233	233
ISS	d	1	326	340	322	346	204	222	138	138	331	331	230	236	102	105	102	105	233	236
ISS	d	1	336	340	316	346	222	222	138	138	331	331	236	236	105	108	105	105	233	233
ISS	d	1	326	340	332	342	222	222	138	138	331	331	233	236	102	105	84	105	233	233
ISS	d	1	344	346	326	332	206	222	132	138	331	331	233	236	102	102	84	120	236	239
ISS	d	1	332	340	326	326	222	222	138	138	331	331	236	239	102	108	102	102	227	233
ISS	d	1	324	340	316	318	204	222	138	138	331	331	233	236	105	105	105	123	233	233
ISS	d	1	340	340	316	332	204	222	138	140	331	331	236	242	105	105	117	129	233	233
ISS	d	1	336	340	318	346	198	222	138	140	331	331	236	245	105	105	84	93	233	233
ISS	d	1	336	340	318	318	204	222	138	138	331	331	236	239	102	108	84	117	233	233
ISS	d	1	328	330	316	326	218	222	138	138	331	331	233	239	102	105	105	126	233	233
ISS	d	1	332	340	324	346	222	222	138	138	331	331	233	233	108	108	105	129	233	236
ISS	d	1	332	332	318	332	204	206	138	138	331	331	236	242	99	105	84	117	233	239
ISS	d	1	330	336	316	332	204	222	138	140	331	331	236	236	105	105	102	108	233	236
ISS	d	1	336	340	318	326	200	222	134	138	331	331	236	236	105	105	102	123	233	233
ISS	d	1	330	336	316	318	222	222	138	138	331	331	233	242	105	108	84	102	233	233
ISS	d	1	328	336	320	346	198	222	132	140	331	331	236	239	102	105	84	123	233	233
ISS	d	1	330	336	326	332	222	222	138	138	331	331	233	233	105	105	84	84	233	239
ISS	d	1	336	336	322	346			138	138	331	331	233	236	105	108	126	126	230	233
ISS	d	1	326	336	324	346	222	226	138	138	331	331	236	236	102	102	99	114	236	236
ISS	d	1	326	336	332	332	204	204	138	138	331	331	236	236	102	105	105	114	233	233
mallets	d	1	326	340	318	318	206	222	132	138	331	331	236	242	102	105	69	120	233	236
mallets	d	1	324	326	316	322	222	222	138	140	331	331	236	236	102	105	105	105	233	236
mallets	d	1											233	236	102	102	105	123	227	233
mallets	d	1	326	336	322	332	206	222	138	138	331	331	239	245	102	108	84	102	233	233
mallets	d	1	326	340	332	346	206	222	138	138			236	239	102	105	72	102	233	233
mallets	d	1	330	330	318	332	198	204	138	138	331	331	236	251	102	105	96	120	233	233
mallets	d	1	340	340	326	336	222	222	138	138	331	331	239	251	102	105	102	105	230	239
mallets	d	1	326	330	318	322	204	226	138	138	331	331	233	239	105	105	102	114	233	236
mallets	d	1	336	340	316	316	198	204	138	140	331	331	236	239	102	105	84	126	227	233
mallets	d	1	326	326	318	332			132	138	331	331	236	242	102	102	84	120	233	233
mallets	d	1	326	326	320	346	222	222	138	140	331	331	233	239	102	102	84	126	233	236
mallets	d	1	328	336	322	348	222	222	138	138	331	331	233	239	102	105	84	123	230	233
mallets	d	1	340	340	318	326	222	222	138	140	331	331	236	248	105	108	69	114	233	233
mallets	d	1	332	340	326	332			138	138	331	331	233	233	102	102	123	126	233	233
mallets	d	1	336	342	316	328	198	222	138	140			236	236	105	108	72	105		
mallets	d	1	326	340	316	346	204	222	138	138	331	331	233	239					233	233
mallets	d	1	336	340	324	332	204	222	138	138	331	331	236	239	102	105	114	114	233	233
mallets	d	1	328	336	322	350	222	222	138	138	331	331	233	239	102	105	84	111	233	239
shelburn	d	1	334	340	316	346			138	138	331	331	236	245	102	111	108	114	233	233
shelburn	d	1	340	340	322	346			138	138	331	331	233	233	102	105	108	123	230	236
shelburn	d	1	324	340	332	332	222	222	138	138	331	331	233	236	102	108	84	135	233	236
shelburn	d	1	326	340	316	326	204	222	138	138	331	331	233	242	102	102	84	114	233	233
shelburn	d	1	326	336	320	322	222	222	138	138	331	331	236	239	102	102	75	105	233	236
shelburn	d	1	336	344	332	350	222	222	138	138	331	331	227	239			84	129	233	233
shelburn	d	1	326	340	322	324			138	138	331	331	239	239	105	105	84	105	227	233
shelburn	d	1	330	340	332	346	222	222	138	138	331	331	236	236	102	108	102	117	233	236
shelburn	d	1	336	340	316	318	218	222	138	138	331	331	233	236	102	108	84	102	236	239
shelburn	d	1	326	326	318	332	206	206	138	138	331	331	233	236	102	105	84	132	233	233
shelburn	d	1	336	340	322	328	204	218	138	138	331	331	236	239	102	105	123	126		
shelburn	d	1	326	340	320	332	218	222	138	140	331	331	230	236	102	102	105	120	233	233
shelburn	d	1	336	340	318	346	206	222	138	138	331	331	233	233	102	105	114	123	233	233
shelburn	d	1	326	336	326	346	204	222	138	140	331	331	233	239	102	108	84	105	230	236
shelburn	d	1	336	340	326	342	204	218	138	138	331	331	233	239	102	108	120	135	233	233
shelburn	d	1	326	326	316	332	206	222	138	140	331	331	233	239	105	108	69	108	230	233
shelburn	d	1	336	340	318	318	222	226	138	138	331	331	233	245	108	108	84	123	227	236
shelburn	d	1	328	330	318	346	204	204	138	140	331	331	227	245	105	105	84	126	233	233
shelburn	d	1	340	342	314	332	222	222	138	138	331	331	236	242	105	105	105	126	233	233
shelburn	d	1	340	340	316	316	222	222	138	138	331	331	236	239	102	102	84	126	227	233
shelburn	d	1	326	340	316	318			138	138	331	331	233	239	105	108	84	108	225	236
shelburn	d	1	336	340	322	322	206	222	138	138	331	331	230	242	102	105	84	84	233	236
shelburn	d	1	330	336	316	346	204	222	138	138	331	331	233	236	102	105	84	120	233	233
shelburn	d	1	332	336	318	332	198	222	138	138	331	331	236	236	102	105	99	105	233	239
shelburn	d	1	326	332	332	342	204	222	138	140	331	331	233	245	102	102			233	233
shelburn	d	1	340	340	316	332	204	222	138	138	331	331	242	245	102	105	84	105	233	239
shelburn	d	1	332	340	322	328	204	222	138	140	331	331	236	236	102	108	84	117	233	233
shelburn	d	1	326	340	316	316	222	222	132	140	331	331	233	239	102	105	105	117	230	236
shelburn	d	1	326	330	332	342	222	226	138	138	331	331	239	242	105	108	84	114	233	233
shelburn	d	1	326	336	318	332	204	222	138	138	331	331	233	236	102	105	87	105	233	236
Sunset	d	1	326	330	316	324	218	222	138	138	331	331	233	239	102	102	84	84	230	230
Sunset	d	1	340	340	316	332	204	218	138	140			233	242	105	105	84	117	233	233
Sunset	d	1	326	326			206	222	138	138	331	331	236	242	105	105	84	105	227	233
Sunset	d	1	332	340	322	332			138	138	331	331	236	236	102	105	72	84	233	239
Sunset	d	1	326	340	344	346	222	222	138	138	331	331	233	239	102	105	84	105	225	233
Sunset	d	1	326	340	316	318	208	222	138	138	331	331	233	236	102	108	108	120	236	236
Sunset	d	1	324	340	318	322	218	222	138	140			233	239	102	105	120	123	233	236
Sunset	d	1	326	332			198	204	138	138	331	331	233	239	102	105	108	123	227	236
Sunset	d	1	336	336	316	316	222	222	138	138	331	331	233	242	102	102	111	120	233	233
Sunset	d	1	326	336	316	316	206	218	138	138			242	245	102	108	84	120		
Sunset	d	1	326	330	318	318	204	204	132	138	331	331	236	242	102	105	105	108	233	236
Sunset	d	1	330	340	332	346	222	222	138	138	331	331	230	233	105	108	69	120	230	239
Sunset	d	1	332	340	318	326			138	138	331	331	236	239			105	105	236	236
Sunset	d	1	326	340	316	332	204	222	132	138	331	331	233	236	102	105	78	102	233	233
Sunset	d	1	340	340	318	342	198	222	138	140	331	331	236	239	102	108	120	123		
Sunset	d	1	330	332	316	322	222	222	138	138	331	331	233	239	102	105	84	84	236	236
Sunset	d	1	326	340	316	318	204	222	138	138	331	331	236	239	102	105	84	105	236	236
Sunset	d	1	326	332	328	332	222	222	138	138	331	331	233	239	102	105	111	129	233	239
Sunset	d	1	326	336	332	332	204	222	138	140	331	331	236	236	105	108	120	135	236	236
Sunset	d	1	326	340	316	322	206	222	132	138	331	331	233	236	105	108	84	114	233	233
Sunset	d	1	326	340	326	326	222	222	138	138	331	331	233	239	105	108	111	120	233	233
Sunset	d	1	340	340	318	332	204	220	132	138	331	331	233	239	102	105	69	84	230	236
Sunset	d	1	330	340			198	222	138	138	331	331	233	236	102	105	84	84	230	233
Sunset	d	1	326	336	322	332			138	138	331	331	236	236	105	105	123	123	227	233
Sunset	d	1	326	340	332	336	204	206	138	138	331	331	233	236	102	105	120	123	233	236
Sunset	d	1	336	340	318	326	204	222	138	138	331	331	236	239	102	105	84	114	233	236
Sunset	d	1	326	336			222	226	138	138			239	245	102	105	84	114	236	236
Sunset	d	1	332	340	322	332	204	222	138	140	331	331	239	245	105	105	102	105	233	233
Sunset	d	1	328	340	332	332			138	138	331	331	233	242			84	126	233	236
Sunset	d	1	326	332	332	346	204	222	138	138	331	331	233	233	102	105	84	117	233	236
Fairhave	d	1	332	332	318	332	204	222	132	138	331	331	236	245	102	102	105	114	230	233
Fairhave	d	1	326	326	316	332	222	222	138	138	331	331	236	236	102	102	117	123	227	233
Fairhave	d	1	326	336	316	332	204	222	138	138	331	331	233	236	102	102	111	132	233	233
Fairhave	d	1	326	336	332	336	204	222	138	138	331	331	236	242	102	105	108	114	236	239
Fairhave	d	1	332	332	318	332	204	222	138	138	331	331	236	242	102	105	111	139	233	236
Fairhave	d	1	326	338			204	222	132	140	331	331	236	248	102	102	99	126	233	248
Fairhave	d	1	326	330	318	332	204	222	138	138	331	331	236	242	102	105	117	120	233	239
Fairhave	d	1	332	332	316	348	222	222	132	132	331	331	236	236	102	102	111	123	233	236
Fairhave	d	1	326	326	318	332	204	222	138	138	331	331	236	236	102	102	120	123	227	233
Fairhave	d	1	326	332	320	332	222	222	138	138	331	331	236	245	102	102	117	138	233	247
Fairhave	d	1	326	330	318	318	216	222	138	138	331	331	236	239	102	102	126	132	233	233
Fairhave	d	1	326	326	324	332	210	222	138	140	331	331	236	242	102	102	93	129	233	242
Fairhave	d	1	326	332	332	332	222	222	138	138	331	331	236	242	102	102	105	129	233	233
Fairhave	d	1	326	338	332	332	204	204	138	140	331	331	236	248	102	102	111	132	230	233
Fairhave	d	1	326	326	318	332	218	222	138	138	331	331	236	242	102	105	105	111	233	233
Fairhave	d	1	326	332	316	318	204	210	138	138	331	331	236	245	102	102	105	138	233	233
Fairhave	d	1	332	332	332	332	222	226	138	138	331	331	233	242	102	102	111	114	233	233
Fairhave	d	1	326	326	318	324	204	222	138	138	331	331	239	245	102	102	114	117	227	233
Fairhave	d	1	326	326	318	332	222	226	138	138	331	331	236	245	102	108	114	129	233	233
Fairhave	d	1	326	326	332	332	204	222	132	138	331	331	236	239	102	102	111	111	233	233
Fairhave	d	1	326	336			204	222	138	138	331	331	233	239	102	102	69	69	233	239
Fairhave	d	1	326	332	332	332	222	226	138	138	331	331	245	245	102	105	108	111	227	233
Fairhave	d	1	326	326	326	332	204	222	132	138	331	331	242	242	102	102	114	120	233	239
Fairhave	d	1	326	326	318	318	222	222	138	138	331	331	239	245	102	105	111	120	233	236
Hamilton	d	1	326	326	332	332	204	218	132	138	331	331	236	242	102	102	111	123	233	233
Hamilton	d	1	326	332	324	346	204	222	132	138	331	331	236	248	102	102	108	126	233	233
Hamilton	d	1	326	326	318	324	204	222	132	138	331	331	236	245	102	102	111	139	233	242
Hamilton	d	1	326	326	332	332	222	222	138	138	331	331	236	245	102	102	123	142	233	233
Hamilton	d	1	326	332	318	326	204	222	138	138	331	331	236	236	102	102			233	239
Hamilton	d	1	326	332	318	332	204	224	138	138	331	331	236	242	102	105	114	129	233	233
Hamilton	d	1	326	332	318	346	222	222	138	138	331	331	236	236	102	105	138	138	233	233
Hamilton	d	1	326	326	322	350	222	224	132	138	331	331	236	236	102	105			227	233
Hamilton	d	1	326	332	318	332	204	222	138	138	331	331	245	245	102	102	117	129	236	239
Hamilton	d	1	326	326	318	332	222	222	138	138	331	331	233	236	102	102	114	114	221	233
Hamilton	d	1	326	326	318	332	204	222	138	138	331	331	236	242	102	102	117	117	236	236
Hamilton	d	1	326	326	318	332	204	218	132	138	331	331	236	245	102	105	108	111	233	236
Hamilton	d	1	326	326	332	332	204	222	138	138	331	331	236	242	102	102	93	108	233	233
Hamilton	d	1	326	326	316	318	204	222	138	138	331	331	236	236	102	102	93	105	233	236
Hamilton	d	1	326	336	318	334	218	222	138	138	331	331	233	236	93	102	93	105	239	239
Hamilton	d	1	326	326	318	332	222	222	138	140	331	331	236	242	102	102	111	114	227	233
Hamilton	d	1	326	330	332	336	218	222	138	138	331	331	242	242	102	102	111	117	227	227
Hamilton	d	1	326	332	318	332	218	222	138	138	331	331	236	239	102	102	102	102	233	233
Hamilton	d	1	326	332	318	336	222	222	138	138	331	331	236	239	102	102	126	129		
Hamilton	d	1	326	326	318	334	204	204	132	138	331	331	236	236	102	102	96	120	233	236
Hamilton	d	1	326	326	318	332	222	222	138	138	331	331	236	236	102	102	102	126	233	233
Hamilton	d	1	332	332	318	332	222	222	138	138	331	331	236	242	102	102	117	117	233	236
Hamilton	d	1	326	326	318	332	218	222	138	138	331	331	239	242	102	102	105	111	233	233
Hamilton	d	1	326	330	318	324	204	218	138	138	331	331	236	236	102	105	108	123	233	236
