  1        1   (0)      1 :  0.7561 0.2439 
  2        2   (0)      1 :  0.6158 0.3842 
  3        3  (33)      1 :  0.8274 0.1726 
  4        4   (0)      1 :  0.8214 0.1786 
  5        5   (0)      1 :  0.5697 0.4303 
  6        6   (0)      1 :  0.7141 0.2859 
  7        7   (0)      1 :  0.6160 0.3840 
  8        8   (0)      1 :  0.6799 0.3201 
  9        9   (0)      1 :  0.8047 0.1953 
 10       10   (0)      1 :  0.3090 0.6910 
 11       11   (0)      1 :  0.4702 0.5298 
 12       12   (0)      1 :  0.8144 0.1856 
 13       13   (0)      1 :  0.8155 0.1845 
 14       14   (0)      1 :  0.6520 0.3480 
 15       15   (0)      1 :  0.6717 0.3283 
 16       16   (0)      1 :  0.8420 0.1580 
 17       17   (0)      1 :  0.2799 0.7201 
 18       18   (0)      1 :  0.8124 0.1876 
 19       19   (0)      1 :  0.6425 0.3575 
 20       20   (0)      1 :  0.8033 0.1967 
 21       21   (0)      1 :  0.6248 0.3752 
 22       22  (11)      1 :  0.7144 0.2856 
 23       23   (0)      1 :  0.8635 0.1365 
 24       24  (11)      1 :  0.6169 0.3831 
 25       25   (0)      1 :  0.7555 0.2445 
 26       26   (0)      1 :  0.6234 0.3766 
 27       27   (0)      1 :  0.5622 0.4378 
 28       28   (0)      1 :  0.6529 0.3471 
 29       29   (0)      1 :  0.6664 0.3336 
 30       30   (0)      1 :  0.3855 0.6145 
 31       31   (0)      2 :  0.5866 0.4134 
 32       32   (0)      2 :  0.8331 0.1669 
 33       33   (0)      2 :  0.6182 0.3818 
 34       34  (11)      2 :  0.3941 0.6059 
 35       35  (11)      2 :  0.8709 0.1291 
 36       36   (0)      2 :  0.4517 0.5483 
 37       37   (0)      2 :  0.6297 0.3703 
 38       38   (0)      2 :  0.6019 0.3981 
 39       39   (0)      2 :  0.7932 0.2068 
 40       40   (0)      2 :  0.5694 0.4306 
 41       41  (55)      2 :  0.1902 0.8098 
 42       42  (55)      2 :  0.5421 0.4579 
 43       43   (0)      2 :  0.4092 0.5908 
 44       44   (0)      2 :  0.7609 0.2391 
 45       45   (0)      2 :  0.8580 0.1420 
 46       46  (55)      2 :  0.5303 0.4697 
 47       47   (0)      2 :  0.5492 0.4508 
 48       48   (0)      2 :  0.8083 0.1917 
 49       49   (0)      2 :  0.6983 0.3017 
 50       50   (0)      2 :  0.3603 0.6397 
 51       51   (0)      2 :  0.4929 0.5071 
 52       52   (0)      2 :  0.8458 0.1542 
 53       53   (5)      2 :  0.6334 0.3666 
 54       54   (0)      2 :  0.7616 0.2384 
 55       55   (0)      2 :  0.6080 0.3920 
 56       56   (0)      2 :  0.7144 0.2856 
 57       57   (0)      2 :  0.5096 0.4904 
 58       58   (0)      2 :  0.7619 0.2381 
 59       59   (0)      2 :  0.7549 0.2451 
 60       60   (0)      2 :  0.7524 0.2476 
 61       61   (0)      3 :  0.8896 0.1104 
 62       62   (0)      3 :  0.4577 0.5423 
 63       63   (0)      3 :  0.2915 0.7085 
 64       64   (0)      3 :  0.7167 0.2833 
 65       65   (5)      3 :  0.8444 0.1556 
 66       66   (0)      3 :  0.8863 0.1137 
 67       67   (0)      3 :  0.8113 0.1887 
 68       68   (0)      3 :  0.6435 0.3565 
 69       69   (0)      3 :  0.5413 0.4587 
 70       70   (0)      3 :  0.7706 0.2294 
 71       71   (0)      3 :  0.4178 0.5822 
 72       72   (0)      3 :  0.5780 0.4220 
 73       73   (0)      3 :  0.6549 0.3451 
 74       74  (33)      3 :  0.6756 0.3244 
 75       75   (0)      3 :  0.6176 0.3824 
 76       76   (0)      3 :  0.5865 0.4135 
 77       77   (0)      3 :  0.5292 0.4708 
 78       78   (5)      3 :  0.5909 0.4091 
 79       79   (0)      3 :  0.8711 0.1289 
 80       80   (0)      3 :  0.5514 0.4486 
 81       81   (0)      3 :  0.6288 0.3712 
 82       82   (0)      3 :  0.5381 0.4619 
 83       83   (0)      3 :  0.7476 0.2524 
 84       84   (0)      3 :  0.7756 0.2244 
 85       85  (22)      3 :  0.8356 0.1644 
 86       86   (0)      3 :  0.7206 0.2794 
 87       87   (0)      3 :  0.8360 0.1640 
 88       88   (0)      3 :  0.5539 0.4461 
 89       89   (0)      3 :  0.7783 0.2217 
 90       90   (0)      3 :  0.6303 0.3697 
 91       91  (11)      3 :  0.5151 0.4849 
 92       92   (0)      4 :  0.3494 0.6506 
 93       93  (22)      4 :  0.7918 0.2082 
 94       94  (22)      4 :  0.5132 0.4868 
 95       95   (0)      4 :  0.6438 0.3562 
 96       96  (22)      4 :  0.8667 0.1333 
 97       97   (0)      4 :  0.5604 0.4396 
 98       98   (0)      4 :  0.6929 0.3071 
 99       99   (0)      4 :  0.5991 0.4009 
100      100   (0)      4 :  0.6888 0.3112 
101      101   (0)      4 :  0.8541 0.1459 
102      102   (0)      4 :  0.8000 0.2000 
103      103   (0)      4 :  0.7042 0.2958 
104      104   (0)      4 :  0.8371 0.1629 
105      105   (0)      4 :  0.5499 0.4501 
106      106   (0)      4 :  0.5557 0.4443 
107      107   (0)      4 :  0.7626 0.2374 
108      108   (0)      4 :  0.7469 0.2531 
109      109   (0)      4 :  0.4475 0.5525 
110      110   (0)      4 :  0.6956 0.3044 
111      111   (0)      4 :  0.5586 0.4414 
112      112   (0)      4 :  0.8368 0.1632 
113      113   (0)      4 :  0.6564 0.3436 
114      114   (0)      4 :  0.2606 0.7394 
115      115   (0)      4 :  0.5982 0.4018 
116      116   (0)      4 :  0.7417 0.2583 
117      117   (0)      4 :  0.7620 0.2380 
118      118   (0)      4 :  0.8498 0.1502 
119      119   (0)      4 :  0.7944 0.2056 
120      120   (5)      4 :  0.8889 0.1111 
121      121   (0)      4 :  0.2516 0.7484 
122      122   (0)      4 :  0.1980 0.8020 
123      123   (0)      5 :  0.3003 0.6997 
124      124   (0)      5 :  0.6972 0.3028 
125      125  (55)      5 :  0.5316 0.4684 
126      126   (0)      5 :  0.6467 0.3533 
127      127  (11)      5 :  0.6563 0.3437 
128      128   (0)      5 :  0.3463 0.6537 
129      129   (0)      5 :  0.7985 0.2015 
130      130   (0)      5 :  0.5269 0.4731 
131      131   (0)      5 :  0.8574 0.1426 
132      132  (11)      5 :  0.1788 0.8212 
133      133   (0)      5 :  0.6814 0.3186 
134      134   (0)      5 :  0.8755 0.1245 
135      135   (0)      5 :  0.5996 0.4004 
136      136  (11)      5 :  0.5729 0.4271 
137      137  (22)      5 :  0.8688 0.1312 
138      138  (22)      5 :  0.7115 0.2885 
139      139   (0)      5 :  0.3455 0.6545 
140      140   (0)      5 :  0.7275 0.2725 
141      141  (11)      6 :  0.4542 0.5458 
142      142  (11)      6 :  0.8231 0.1769 
143      143   (0)      6 :  0.6223 0.3777 
144      144   (0)      6 :  0.5109 0.4891 
145      145   (0)      6 :  0.6750 0.3250 
146      146   (5)      6 :  0.5261 0.4739 
147      147  (11)      6 :  0.7325 0.2675 
148      148   (0)      6 :  0.5747 0.4253 
149      149   (0)      6 :  0.7855 0.2145 
150      150   (0)      6 :  0.3608 0.6392 
151      151  (11)      6 :  0.8080 0.1920 
152      152   (0)      6 :  0.4693 0.5307 
153      153   (0)      6 :  0.7087 0.2913 
154      154   (0)      6 :  0.8255 0.1745 
155      155   (0)      6 :  0.7641 0.2359 
156      156   (0)      6 :  0.5821 0.4179 
157      157   (0)      6 :  0.6518 0.3482 
158      158   (0)      6 :  0.6335 0.3665 
159      159   (0)      6 :  0.5519 0.4481 
160      160   (0)      6 :  0.8173 0.1827 
161      161  (11)      6 :  0.7270 0.2730 
162      162   (0)      6 :  0.8173 0.1827 
163      163   (0)      6 :  0.7678 0.2322 
164      164   (0)      6 :  0.3377 0.6623 
165      165   (5)      6 :  0.2128 0.7872 
166      166   (0)      6 :  0.5262 0.4738 
167      167   (0)      6 :  0.6139 0.3861 
168      168   (0)      6 :  0.7302 0.2698 
169      169   (0)      6 :  0.4175 0.5825 
170      170   (0)      6 :  0.3569 0.6431 
171      171   (0)      7 :  0.7016 0.2984 
172      172  (11)      7 :  0.6218 0.3782 
173      173  (11)      7 :  0.4706 0.5294 
174      174  (11)      7 :  0.5619 0.4381 
175      175   (0)      7 :  0.7891 0.2109 
176      176   (0)      7 :  0.5340 0.4660 
177      177  (11)      7 :  0.7800 0.2200 
178      178  (11)      7 :  0.4805 0.5195 
179      179   (0)      7 :  0.5679 0.4321 
180      180  (16)      7 :  0.5999 0.4001 
181      181   (0)      7 :  0.1623 0.8377 
182      182   (0)      7 :  0.7129 0.2871 
183      183  (22)      7 :  0.6113 0.3887 
184      184   (0)      7 :  0.4979 0.5021 
185      185  (11)      7 :  0.7595 0.2405 
186      186   (0)      7 :  0.7915 0.2085 
187      187   (0)      7 :  0.6296 0.3704 
188      188   (0)      7 :  0.3238 0.6762 
189      189   (0)      7 :  0.4504 0.5496 
190      190   (0)      7 :  0.7221 0.2779 
191      191   (0)      7 :  0.7094 0.2906 
192      192   (0)      7 :  0.6168 0.3832 
193      193  (11)      7 :  0.8440 0.1560 
194      194  (11)      7 :  0.5575 0.4425 
195      195   (0)      7 :  0.4593 0.5407 
196      196   (0)      7 :  0.6406 0.3594 
197      197  (22)      7 :  0.4379 0.5621 
198      198   (0)      7 :  0.6000 0.4000 
199      199  (22)      7 :  0.5690 0.4310 
200      200   (0)      7 :  0.4334 0.5666 
201      201   (0)      8 :  0.1552 0.8448 
202      202   (0)      8 :  0.2247 0.7753 
203      203   (0)      8 :  0.2817 0.7183 
204      204   (0)      8 :  0.1994 0.8006 
205      205   (0)      8 :  0.1143 0.8857 
206      206  (11)      8 :  0.2328 0.7672 
207      207   (0)      8 :  0.1526 0.8474 
208      208   (0)      8 :  0.2918 0.7082 
209      209   (0)      8 :  0.1499 0.8501 
210      210   (0)      8 :  0.1648 0.8352 
211      211   (0)      8 :  0.2423 0.7577 
212      212   (0)      8 :  0.1217 0.8783 
213      213   (0)      8 :  0.1189 0.8811 
214      214   (0)      8 :  0.1583 0.8417 
215      215   (0)      8 :  0.1422 0.8578 
216      216   (0)      8 :  0.1774 0.8226 
217      217   (0)      8 :  0.1183 0.8817 
218      218   (0)      8 :  0.1359 0.8641 
219      219   (0)      8 :  0.1508 0.8492 
220      220   (0)      8 :  0.1238 0.8762 
221      221   (5)      8 :  0.4048 0.5952 
222      222   (0)      8 :  0.1041 0.8959 
223      223   (0)      8 :  0.1550 0.8450 
224      224   (0)      8 :  0.1963 0.8037 
225      225   (0)      9 :  0.1112 0.8888 
226      226   (0)      9 :  0.2109 0.7891 
227      227   (0)      9 :  0.0899 0.9101 
228      228   (0)      9 :  0.1398 0.8602 
229      229  (11)      9 :  0.2141 0.7859 
230      230   (0)      9 :  0.1026 0.8974 
231      231   (0)      9 :  0.1952 0.8048 
232      232  (11)      9 :  0.3187 0.6813 
233      233   (0)      9 :  0.0965 0.9035 
234      234   (0)      9 :  0.1468 0.8532 
235      235   (0)      9 :  0.1060 0.8940 
236      236   (0)      9 :  0.1114 0.8886 
237      237   (0)      9 :  0.1002 0.8998 
238      238   (0)      9 :  0.2204 0.7796 
239      239   (0)      9 :  0.3686 0.6314 
240      240   (0)      9 :  0.1228 0.8772 
241      241   (0)      9 :  0.1372 0.8628 
242      242   (0)      9 :  0.3179 0.6821 
243      243   (5)      9 :  0.2356 0.7644 
244      244   (0)      9 :  0.1199 0.8801 
245      245   (0)      9 :  0.2473 0.7527 
246      246   (0)      9 :  0.1069 0.8931 
247      247   (0)      9 :  0.1620 0.8380 
248      248   (0)      9 :  0.2103 0.7897 
