Title line:"wahlund 3"
Allele.1.105
Allele.1.128
Allele.1.11
Allele.1.113
Allele.1.213
Allele.1.2
Allele.1.8
Allele.1.17
Allele.1.13
Pop
lakeChamplain, 0909 0209 1010 0304 0101 0405 0405 0517 0304
lakeChamplain, 0309 0314 1010 0303 0101 0404 0405 0505 0202
lakeChamplain, 0809 0514 1010 0303 0101 0405 0000 0000 0000
lakeChamplain, 0408 0203 1010 0303 0101 0305 0405 1119 0505
lakeChamplain, 0809 0912 0310 0103 0101 0306 0404 0522 0203
lakeChamplain, 0509 0305 0310 0303 0101 0304 0405 0512 0506
lakeChamplain, 0103 0305 0310 0303 0101 0305 0505 0514 0304
lakeChamplain, 0308 0205 0101 0303 0101 0404 0405 1418 0304
lakeChamplain, 0809 0707 0610 0303 0101 0405 0405 0512 0506
lakeChamplain, 0309 0309 1011 0304 0101 0405 0405 1517 0405
lakeChamplain, 0509 0314 1011 0303 0101 0406 0505 0514 0404
lakeChamplain, 0809 0205 1010 0303 0101 0406 0506 0219 0404
lakeChamplain, 0909 0714 1010 0303 0101 0404 0406 1818 0405
lakeChamplain, 0708 0214 0310 0103 0101 0405 0405 1116 0404
lakeChamplain, 0308 0709 0110 0303 0101 0305 0406 1019 0304
lakeChamplain, 0909 0202 0312 0104 0101 0305 0505 1719 0506
lakeChamplain, 0309 0909 1010 0303 0101 0105 0405 1521 0404
lakeChamplain, 0509 0707 1010 0103 0101 0505 0204 1212 0405
lakeChamplain, 0609 0205 0310 0104 0101 0507 0406 1222 0404
lakeChamplain, 0808 0415 0304 0304 0101 0305 0405 0811 0404
lakeChamplain, 0609 0214 0304 0303 0101 0408 0405 0305 0406
lakeChamplain, 0303 0707 0000 0303 0101 0303 0205 1112 0405
lakeChamplain, 0508 0205 0410 0303 0101 0304 0406 0505 0404
lakeChamplain, 0509 0305 0000 0303 0101 0404 0505 1717 0404
lakeChamplain, 0309 0214 0308 0303 0101 0505 0405 1118 0205
lakeChamplain, 0511 0709 0104 0303 0101 0405 0404 1719 0404
lakeChamplain, 0506 0308 0310 0304 0101 0303 0405 0515 0405
lakeChamplain, 0308 0214 1010 0303 0101 0307 0404 0519 0204
lakeChamplain, 0209 0309 0410 0303 0102 0305 0506 0514 0404
lakeChamplain, 0609 0310 0303 0303 0101 0404 0405 0512 0206
lakeChamplain, 0609 0316 0410 0303 0101 0405 0405 0512 0404
lakeChamplain, 0809 0512 0110 0103 0101 0405 0406 1919 0405
lakeChamplain, 0309 0214 0310 0303 0101 0305 0406 0113 0404
lakeChamplain, 0305 0314 0000 0303 0101 0404 0405 0514 0405
lakeChamplain, 0909 0214 0000 0303 0101 0305 0405 1212 0203
lakeChamplain, 0509 0309 1010 0103 0101 0304 0405 0112 0405
lakeChamplain, 0309 0707 0310 0303 0101 0306 0405 0513 0304
lakeChamplain, 0308 0514 0310 0303 0101 0506 0406 0514 0405
lakeChamplain, 0809 1414 1010 0303 0101 0408 0405 0205 0405
lakeChamplain, 0909 0206 0310 0102 0101 0404 0405 1216 0203
lakeChamplain, 0000 0000 0000 0000 0000 0607 0404 1214 0404
lakeChamplain, 0000 0000 0000 0000 0000 0405 0505 1317 0405
lakeChamplain, 0309 0914 0103 0303 0101 0406 0405 1921 0405
lakeChamplain, 0308 0508 0610 0103 0101 0305 0505 1819 0404
lakeChamplain, 0508 0814 0410 0303 0101 0405 0406 0205 0404
lakeChamplain, 0000 0000 0000 0000 0000 0404 0506 1215 0405
lakeChamplain, 0309 0304 0108 0304 0101 0506 0404 0508 0405
lakeChamplain, 0808 0202 1010 0303 0101 0304 0405 1719 0404
lakeChamplain, 0203 0211 1010 0303 0101 0303 0607 0513 0404
lakeChamplain, 0610 0607 0310 0304 0101 0306 0404 0101 0404
lakeChamplain, 0909 0305 0310 0303 0101 0606 0405 0119 0404
lakeChamplain, 0811 0814 0810 0303 0101 0304 0506 1819 0505
lakeChamplain, 0808 0000 0410 0304 0101 0406 0406 1618 0405
lakeChamplain, 0809 0708 0310 0303 0101 0307 0405 1112 0404
lakeChamplain, 0308 0202 0310 0303 0101 0304 0405 0514 0405
lakeChamplain, 0809 0509 0310 0103 0101 0304 0405 0512 0304
lakeChamplain, 0309 0309 0410 0303 0101 0305 0405 1120 0405
lakeChamplain, 0509 1414 0310 0303 0101 0405 0404 0512 0205
lakeChamplain, 0708 0204 1010 0304 0101 0304 0506 0314 0204
lakeChamplain, 0309 0508 0310 0304 0101 0505 0404 0519 0404
lakeChamplain, 0909 0207 0810 0304 0101 0505 0506 1218 0404
lakeChamplain, 0508 0303 0308 0304 0101 0404 0505 0523 0404
lakeChamplain, 0609 0914 1010 0303 0101 0406 0405 0121 0404
lakeChamplain, 0308 1013 0410 0303 0101 0305 0405 0512 0406
lakeChamplain, 0909 0205 0110 0304 0101 0405 0304 1112 0000
lakeChamplain, 0909 0415 0104 0303 0101 0505 0405 0511 0202
lakeChamplain, 0305 0205 0110 0303 0101 0304 0506 1112 0204
lakeChamplain, 0809 0207 0310 0303 0101 0406 0405 0508 0404
lakeChamplain, 0308 0202 0310 0103 0101 0506 0405 1220 0304
lakeChamplain, 0909 0307 0110 0303 0101 0305 0406 0216 0404
lakeChamplain, 0306 0210 1010 0304 0101 0404 0505 1921 0405
lakeChamplain, 0809 0209 0110 0303 0101 0303 0405 0816 0607
lakeChamplain, 0505 0614 1010 0303 0101 0103 0506 0515 0404
lakeChamplain, 0304 0514 1010 0103 0101 0304 0000 0000 0000
lakeChamplain, 0509 0203 1010 0303 0101 0305 0505 1520 0405
lakeChamplain, 0309 0203 0110 0304 0101 0404 0405 0513 0405
lakeChamplain, 0303 0205 0310 0304 0101 0304 0406 1215 0404
lakeChamplain, 0809 0507 0110 0103 0101 0000 0404 1515 0405
lakeChamplain, 0808 0207 0103 0304 0101 0404 0506 0519 0405
lakeChamplain, 0909 0316 1010 0303 0101 0506 0405 1120 0405
lakeChamplain, 0303 1314 0103 0104 0101 0304 0405 1117 0304
lakeChamplain, 0408 0209 0310 0304 0101 0407 0405 0508 0404
lakeChamplain, 0910 0714 0304 0104 0101 0306 0505 0717 0405
lakeChamplain, 0209 0207 0110 0303 0101 0405 0404 0216 0304
lakeChamplain, 0510 1014 0000 0404 0101 0000 0506 0512 0104
lakeChamplain, 0809 0509 0103 0303 0101 0404 0406 0505 0406
lakeChamplain, 0809 0507 0310 0303 0101 0304 0505 0517 0404
lakeChamplain, 0509 0910 0310 0303 0101 0307 0505 0919 0305
lakeChamplain, 0309 0210 0310 0103 0101 0303 0506 0505 0505
lakeChamplain, 0203 0414 0110 0305 0101 0707 0104 0518 0306
lakeChamplain, 0411 0814 0000 0303 0101 0404 0404 1720 0405
lakeChamplain, 0609 0912 0710 0304 0101 0306 0505 1416 0404
lakeChamplain, 0909 0404 0101 0303 0000 0000 0405 1215 0505
lakeChamplain, 0303 0202 0103 0304 0101 0710 0000 0000 0505
lakeChamplain, 0809 0404 1010 0304 0101 0304 0404 0116 0404
lakeChamplain, 0508 0000 0410 0304 0101 0305 0505 1218 0000
lakeChamplain, 0709 0509 1010 0304 0101 0506 0505 1417 0404
lakeChamplain, 0508 0205 0310 0303 0101 0607 0406 0205 0404
lakeChamplain, 0909 0308 0810 0104 0101 0404 0405 0520 0405
lakeChamplain, 0308 0514 0310 0304 0101 0405 0405 0514 0305
lakeChamplain, 0909 0304 1010 0404 0101 0405 0506 0511 0404
lakeChamplain, 0609 0404 1010 0304 0101 0305 0405 0505 0404
lakeChamplain, 0309 0514 0310 0303 0101 0204 0405 1112 0405
lakeChamplain, 0809 0214 1010 0303 0101 0404 0506 1212 0404
lakeChamplain, 0309 0912 1010 0303 0101 0304 0405 0512 0404
lakeChamplain, 1112 0709 0410 0103 0101 0304 0404 0517 0506
lakeChamplain, 0609 0707 1010 0303 0101 0405 0406 1111 0204
lakeChamplain, 0209 0203 0310 0303 0101 0304 0505 1218 0404
lakeChamplain, 0909 0209 0310 0304 0101 0406 0505 1620 0404
lakeChamplain, 0809 0314 0110 0304 0101 0407 0505 0508 0404
lakeChamplain, 0809 0303 0310 0303 0101 0405 0406 0516 0404
lakeChamplain, 0405 0207 0810 0303 0101 0305 0405 1219 0404
lakeChamplain, 0609 0614 1010 0303 0101 0303 0606 1220 0405
lakeChamplain, 0606 0309 0304 0303 0101 0406 0305 0516 0406
lakeChamplain, 0508 0209 0310 0304 0101 0404 0505 1113 0405
lakeChamplain, 0809 0307 0210 0203 0101 0404 0505 1118 0404
lakeChamplain, 0508 0203 1010 0303 0101 0306 0506 0511 0404
lakeChamplain, 0408 0414 0110 0104 0101 0405 0405 0518 0404
lakeChamplain, 0508 0709 1010 0303 0101 0303 0505 0505 0406
lakeChamplain, 0808 0514 0000 0303 0101 0304 0506 1919 0304
lakeChamplain, 0308 0614 1011 0303 0101 0404 0404 1015 0505
lakeChamplain, 0308 0909 0303 0303 0101 0404 0405 1215 0404
lakeChamplain, 0309 0303 0410 0103 0101 0406 0405 0117 0405
lakeChamplain, 0203 0205 1010 0304 0101 0404 0405 1212 0405
lakeChamplain, 0000 0000 0000 0000 0000 0304 0404 1218 0204
lakeChamplain, 0308 0509 0410 0303 0101 0507 0406 0511 0404
lakeChamplain, 0309 0914 0410 0303 0000 0405 0405 0211 0404
lakeChamplain, 0505 0309 0103 0303 0101 0409 0405 0917 0404
lakeChamplain, 0909 0710 1010 0303 0101 0509 0405 1112 0306
lakeChamplain, 0305 0305 0311 0303 0101 0305 0505 1115 0405
lakeChamplain, 0809 0202 0103 0304 0101 0405 0405 0519 0204
lakeChamplain, 0303 0309 0000 0103 0101 0406 0404 0517 0404
lakeChamplain, 0303 0414 1010 0304 0101 0305 0404 0519 0405
lakeChamplain, 0408 0515 1010 0303 0101 0305 0405 0518 0304
lakeChamplain, 0909 0307 1010 0304 0101 0408 0506 0115 0404
lakeChamplain, 0609 0709 0000 0303 0101 0303 0404 1819 0404
lakeChamplain, 0810 0208 0110 0304 0000 0404 0506 0212 0000
lakeChamplain, 0309 0214 0310 0303 0101 0305 0000 0000 0404
lakeChamplain, 0809 0609 0310 0303 0101 0405 0405 1515 0404
lakeChamplain, 0408 0516 1010 0303 0101 0305 0405 0514 0406
lakeChamplain, 0709 0214 0000 0303 0101 0407 0407 1315 0404
lakeChamplain, 0909 0514 0000 0303 0101 0303 0405 1318 0305
lakeChamplain, 0209 0909 1010 0303 0101 0304 0406 0522 0405
lakeChamplain, 0309 0207 0310 0303 0101 0306 0404 0515 0404
lakeChamplain, 0308 0405 1010 0303 0101 0405 0404 0312 0405
lakeChamplain, 0811 0916 1010 0303 0101 0105 0000 0520 0404
lakeChamplain, 0309 0506 0000 0303 0101 0505 0505 0512 0204
lakeChamplain, 0509 0914 1010 0303 0101 0404 0406 1116 0405
lakeChamplain, 0809 0203 0810 0303 0101 0304 0406 0511 0506
lakeChamplain, 0303 0309 0404 0303 0101 0304 0405 0521 0404
lakeChamplain, 0809 0508 0308 0303 0101 0405 0405 1819 0000
lakeChamplain, 0309 0409 0810 0304 0101 0204 0404 1217 0404
lakeChamplain, 0809 0314 0410 0303 0101 0303 0405 1518 0404
lakeChamplain, 0308 0714 0310 0304 0101 0305 0406 0512 0305
lakeChamplain, 0809 0712 0308 0303 0101 0305 0406 1722 0404
lakeChamplain, 0303 0209 0410 0304 0101 0305 0506 0113 0304
lakeChamplain, 0809 0303 1011 0303 0101 0307 0606 0518 0205
lakeChamplain, 0405 0314 0303 0304 0101 0107 0505 0519 0404
lakeChamplain, 0910 0109 1010 0303 0101 0406 0505 1219 0404
lakeChamplain, 0909 0202 1010 0303 0101 0405 0404 0519 0204
lakeChamplain, 0309 0203 0000 0303 0101 0305 0506 0513 0105
lakeChamplain, 0809 0505 0410 0303 0101 0206 0405 0505 0405
lakeChamplain, 0508 0214 0310 0303 0101 0304 0405 0517 0404
lakeChamplain, 0608 0309 0110 0303 0101 0404 0405 1012 0406
lakeChamplain, 0306 0912 0310 0304 0101 0307 0404 0000 0404
lakeChamplain, 0909 0209 0310 0303 0101 0607 0405 0512 0406
lakeChamplain, 0609 0508 0310 0304 0101 0404 0406 0516 0404
lakeChamplain, 0309 0202 1010 0104 0101 0305 0405 1216 0305
lakeChamplain, 0305 0912 1011 0303 0101 0506 0506 0515 0404
lakeChamplain, 0308 0309 0310 0303 0101 0304 0405 0612 0405
lakeChamplain, 0305 0206 0810 0303 0101 0305 0404 0505 0303
lakeChamplain, 0909 0209 0308 0304 0000 0306 0505 0516 0404
lakeChamplain, 0303 0000 0410 0303 0101 0406 0505 0512 0204
lakeChamplain, 0609 0509 0000 0303 0101 0404 0405 0205 0406
lakeChamplain, 0309 1314 1010 0303 0101 0305 0405 0512 0104
lakeChamplain, 0309 0203 0510 0303 0101 0304 0406 1317 0505
lakeChamplain, 0209 0305 0810 0304 0000 0305 0405 1718 0405
lakeChamplain, 0306 0000 0103 0303 0101 0305 0405 1318 0205
lakeChamplain, 0808 0202 1010 0303 0101 0306 0404 1417 0404
lakeChamplain, 0308 0202 0408 0303 0000 0607 0406 0517 0000
lakeChamplain, 0305 0303 0303 0103 0101 0406 0405 1213 0405
lakeChamplain, 0509 0914 1010 0303 0101 0203 0506 0117 0306
lakeChamplain, 0609 0307 0000 0303 0101 0405 0000 1212 0505
lakeChamplain, 0309 0209 0310 0103 0101 0304 0405 0411 0404
lakeChamplain, 0909 0312 0110 0304 0101 0405 0406 1718 0000
lakeChamplain, 0506 0205 1010 0303 0101 0305 0405 0505 0505
lakeChamplain, 0309 0203 0310 0303 0101 0405 0405 0512 0505
lakeChamplain, 0306 0809 1010 0303 0101 0305 0405 1420 0406
lakeChamplain, 0308 0909 0310 0304 0101 0404 0506 1722 0505
lakeChamplain, 0309 0205 0410 0103 0101 0304 0506 0515 0404
lakeChamplain, 0309 0707 1010 0303 0101 0305 0506 1417 0404
lakeChamplain, 0909 0309 0309 0103 0101 0305 0405 0105 0305
lakeChamplain, 0509 0000 0110 0303 0101 0304 0405 0505 0304
lakeChamplain, 0308 0509 0000 0303 0101 0404 0505 1818 0204
lakeChamplain, 0309 0910 0304 0303 0101 0304 0405 1718 0405
lakeChamplain, 0809 0307 0310 0303 0101 0405 0405 0515 0405
lakeChamplain, 0308 0000 1011 0303 0000 0507 0405 0515 0505
lakeChamplain, 0609 0509 0310 0304 0101 0507 0505 1112 0404
lakeChamplain, 0409 0909 0000 0303 0101 0306 0000 0519 0405
lakeChamplain, 0306 0914 0310 0303 0101 0303 0405 0516 0405
