9 9 25 2
Allele
Allele
Allele
Allele
Allele
Allele
Allele
Allele
Allele
   1   1010    209   1010    304    101    405    405    517    405 
   1    310    315   1010    303    101    404    405    505    303 
   1    810    515   1010    303    101    405      0      0      0 
   1    408    203   1010    303    101    305    405   1119    606 
   1    810    913    310    103    101    306    404    522    304 
   1    510    305    310    303    101    304    405    512    607 
   1    103    305    310    303    101    305    505    514    405 
   1    308    205    101    303    101    404    405   1418    405 
   1    810    707    610    303    101    405    405    512    607 
   1    310    309   1012    304    101    405    405   1517    506 
   1    510    315   1012    303    101    406    505    514    505 
   1    810    205   1010    303    101    406    506    219    505 
   1   1010    715   1010    303    101    404    406   1818    506 
   1    708    215    310    103    101    405    405   1116    505 
   1    308    709    110    303    101    305    406   1019    405 
   1   1010    202    313    104    101    305    505   1719    607 
   1    310    909   1010    303    101    105    405   1521    505 
   1    510    707   1010    103    101    505    204   1212    506 
   1    610    205    310    104    101    507    406   1222    505 
   1    808    416    304    304    101    305    405    811    505 
   1    610    215    304    303    101    408    405    305    507 
   1    303    707      0    303    101    303    205   1112    506 
   1    508    205    410    303    101    304    406    505    505 
   1    510    305      0    303    101    404    505   1717    505 
   1    310    215    308    303    101    505    405   1118    306 
   1    512    709    104    303    101    405    404   1719    505 
   1    506    308    310    304    101    303    405    515    506 
   1    308    215   1010    303    101    307    404    519    305 
   1    210    309    410    303    102    305    506    514    505 
   1    610    311    303    303    101    404    405    512    307 
   2    610    317    410    303    101    405    405    512    505 
   2    810    513    110    103    101    405    406   1919    506 
   2    310    215    310    303    101    305    406    113    505 
   2    305    315      0    303    101    404    405    514    506 
   2   1010    215      0    303    101    305    405   1212    304 
   2    510    309   1010    103    101    304    405    112    506 
   2    310    707    310    303    101    306    405    513    405 
   2    308    515    310    303    101    506    406    514    506 
   2    810   1515   1010    303    101    408    405    205    506 
   2   1010    206    310    102    101    404    405   1216    304 
   2      0      0      0      0      0    607    404   1214    505 
   2      0      0      0      0      0    405    505   1317    506 
   2    310    915    103    303    101    406    405   1921    506 
   2    308    508    610    103    101    305    505   1819    505 
   2    508    815    410    303    101    405    406    205    505 
   2      0      0      0      0      0    404    506   1215    506 
   2    310    304    108    304    101    506    404    508    506 
   2    808    202   1010    303    101    304    405   1719    505 
   2    203    212   1010    303    101    303    607    513    505 
   2    611    607    310    304    101    306    404    101    505 
   2   1010    305    310    303    101    606    405    119    505 
   2    812    815    810    303    101    304    506   1819    606 
   2    808      0    410    304    101    406    406   1618    506 
   2    810    708    310    303    101    307    405   1112    505 
   2    308    202    310    303    101    304    405    514    506 
   2    810    509    310    103    101    304    405    512    405 
   2    310    309    410    303    101    305    405   1120    506 
   2    510   1515    310    303    101    405    404    512    306 
   2    708    204   1010    304    101    304    506    314    305 
   2    310    508    310    304    101    505    404    519    505 
   3   1010    207    810    304    101    505    506   1218    505 
   3    508    303    308    304    101    404    505    523    505 
   3    610    915   1010    303    101    406    405    121    505 
   3    308   1114    410    303    101    305    405    512    507 
   3   1010    205    110    304    101    405    304   1112      0 
   3   1010    416    104    303    101    505    405    511    303 
   3    305    205    110    303    101    304    506   1112    305 
   3    810    207    310    303    101    406    405    508    505 
   3    308    202    310    103    101    506    405   1220    405 
   3   1010    307    110    303    101    305    406    216    505 
   3    306    211   1010    304    101    404    505   1921    506 
   3    810    209    110    303    101    303    405    816    708 
   3    505    615   1010    303    101    103    506    515    505 
   3    304    515   1010    103    101    304      0      0      0 
   3    510    203   1010    303    101    305    505   1520    506 
   3    310    203    110    304    101    404    405    513    506 
   3    303    205    310    304    101    304    406   1215    505 
   3    810    507    110    103    101      0    404   1515    506 
   3    808    207    103    304    101    404    506    519    506 
   3   1010    317   1010    303    101    506    405   1120    506 
   3    303   1415    103    104    101    304    405   1117    405 
   3    408    209    310    304    101    407    405    508    505 
   3   1011    715    304    104    101    306    505    717    506 
   3    210    207    110    303    101    405    404    216    405 
   3    511   1115      0    404    101      0    506    512    205 
   3    810    509    103    303    101    404    406    505    507 
   3    810    507    310    303    101    304    505    517    505 
   3    510    911    310    303    101    307    505    919    406 
   3    310    211    310    103    101    303    506    505    606 
   3    203    415    110    305    101    707    104    518    407 
   3    412    815      0    303    101    404    404   1720    506 
   4    610    913    710    304    101    306    505   1416    505 
   4   1010    404    101    303      0      0    405   1215    606 
   4    303    202    103    304    101    710      0      0    606 
   4    810    404   1010    304    101    304    404    116    505 
   4    508      0    410    304    101    305    505   1218      0 
   4    710    509   1010    304    101    506    505   1417    505 
   4    508    205    310    303    101    607    406    205    505 
   4   1010    308    810    104    101    404    405    520    506 
   4    308    515    310    304    101    405    405    514    406 
   4   1010    304   1010    404    101    405    506    511    505 
   4    610    404   1010    304    101    305    405    505    505 
   4    310    515    310    303    101    204    405   1112    506 
   4    810    215   1010    303    101    404    506   1212    505 
   4    310    913   1010    303    101    304    405    512    505 
   4   1213    709    410    103    101    304    404    517    607 
   4    610    707   1010    303    101    405    406   1111    305 
   4    210    203    310    303    101    304    505   1218    505 
   4   1010    209    310    304    101    406    505   1620    505 
   4    810    315    110    304    101    407    505    508    505 
   4    810    303    310    303    101    405    406    516    505 
   4    405    207    810    303    101    305    405   1219    505 
   4    610    615   1010    303    101    303    606   1220    506 
   4    606    309    304    303    101    406    305    516    507 
   4    508    209    310    304    101    404    505   1113    506 
   4    810    307    210    203    101    404    505   1118    505 
   4    508    203   1010    303    101    306    506    511    505 
   4    408    415    110    104    101    405    405    518    505 
   4    508    709   1010    303    101    303    505    505    507 
   4    808    515      0    303    101    304    506   1919    405 
   4    308    615   1012    303    101    404    404   1015    606 
   4    308    909    303    303    101    404    405   1215    505 
   5    310    303    410    103    101    406    405    117    506 
   5    203    205   1010    304    101    404    405   1212    506 
   5      0      0      0      0      0    304    404   1218    305 
   5    308    509    410    303    101    507    406    511    505 
   5    310    915    410    303      0    405    405    211    505 
   5    505    309    103    303    101    409    405    917    505 
   5   1010    711   1010    303    101    509    405   1112    407 
   5    305    305    312    303    101    305    505   1115    506 
   5    810    202    103    304    101    405    405    519    305 
   5    303    309      0    103    101    406    404    517    505 
   5    303    415   1010    304    101    305    404    519    506 
   5    408    516   1010    303    101    305    405    518    405 
   5   1010    307   1010    304    101    408    506    115    505 
   5    610    709      0    303    101    303    404   1819    505 
   5    811    208    110    304      0    404    506    212      0 
   5    310    215    310    303    101    305      0      0    505 
   5    810    609    310    303    101    405    405   1515    505 
   5    408    517   1010    303    101    305    405    514    507 
   6    710    215      0    303    101    407    407   1315    505 
   6   1010    515      0    303    101    303    405   1318    406 
   6    210    909   1010    303    101    304    406    522    506 
   6    310    207    310    303    101    306    404    515    505 
   6    308    405   1010    303    101    405    404    312    506 
   6    812    917   1010    303    101    105      0    520    505 
   6    310    506      0    303    101    505    505    512    305 
   6    510    915   1010    303    101    404    406   1116    506 
   6    810    203    810    303    101    304    406    511    607 
   6    303    309    404    303    101    304    405    521    505 
   6    810    508    308    303    101    405    405   1819      0 
   6    310    409    810    304    101    204    404   1217    505 
   6    810    315    410    303    101    303    405   1518    505 
   6    308    715    310    304    101    305    406    512    406 
   6    810    713    308    303    101    305    406   1722    505 
   6    303    209    410    304    101    305    506    113    405 
   6    810    303   1012    303    101    307    606    518    306 
   6    405    315    303    304    101    107    505    519    505 
   6   1011    109   1010    303    101    406    505   1219    505 
   6   1010    202   1010    303    101    405    404    519    305 
   6    310    203      0    303    101    305    506    513    206 
   6    810    505    410    303    101    206    405    505    506 
   6    508    215    310    303    101    304    405    517    505 
   6    608    309    110    303    101    404    405   1012    507 
   6    306    913    310    304    101    307    404      0    505 
   6   1010    209    310    303    101    607    405    512    507 
   6    610    508    310    304    101    404    406    516    505 
   6    310    202   1010    104    101    305    405   1216    406 
   6    305    913   1012    303    101    506    506    515    505 
   6    308    309    310    303    101    304    405    612    506 
   7    305    206    810    303    101    305    404    505    404 
   7   1010    209    308    304      0    306    505    516    505 
   7    303      0    410    303    101    406    505    512    305 
   7    610    509      0    303    101    404    405    205    507 
   7    310   1415   1010    303    101    305    405    512    205 
   7    310    203    510    303    101    304    406   1317    606 
   7    210    305    810    304      0    305    405   1718    506 
   7    306      0    103    303    101    305    405   1318    306 
   7    808    202   1010    303    101    306    404   1417    505 
   7    308    202    408    303      0    607    406    517      0 
   7    305    303    303    103    101    406    405   1213    506 
   7    510    915   1010    303    101    203    506    117    407 
   7    610    307      0    303    101    405      0   1212    606 
   7    310    209    310    103    101    304    405    411    505 
   7   1010    313    110    304    101    405    406   1718      0 
   7    506    205   1010    303    101    305    405    505    606 
   7    310    203    310    303    101    405    405    512    606 
   7    306    809   1010    303    101    305    405   1420    507 
   7    308    909    310    304    101    404    506   1722    606 
   7    310    205    410    103    101    304    506    515    505 
   7    310    707   1010    303    101    305    506   1417    505 
   7   1010    309    309    103    101    305    405    105    406 
   7    510      0    110    303    101    304    405    505    405 
   7    308    509      0    303    101    404    505   1818    305 
   7    310    911    304    303    101    304    405   1718    506 
   7    810    307    310    303    101    405    405    515    506 
   7    308      0   1012    303      0    507    405    515    606 
   7    610    509    310    304    101    507    505   1112    505 
   7    410    909      0    303    101    306      0    519    506 
   7    306    915    310    303    101    303    405    516    506 
   8    606    309    310    103    101    407    404   1215    405 
   8    303    209   1010    303    101    404    404   1618    305 
   8    308    209    310    303    101    304    404   1421    505 
   8    308    911    310    303    101    406    405   1315    607 
   8    606    309    310    303    101    406    405   1424    506 
   8    309      0    310    104    101    408    404   1019    510 
   8    305    309    310    303    101    406    405   1617    507 
   8    606    216   1010    101    101    404    404   1418    506 
   8    303    309    310    303    101    404    404   1718    305 
   8    306    409   1010    303    101    407    404   1623    509 
   8    305    303    710    303    101    405    404   1921    505 
   8    303    609    610    304    101    406    404    820    508 
   8    306    909   1010    303    101    406    404   1220    505 
   8    309    909    303    304    101    408    404   1421    405 
   8    303    309    810    303    101    406    405   1214    505 
   8    306    203    306    303    101    407    404   1223    505 
   8    606    909   1012    303    101    306    404   1415    505 
   8    303    306    310    303    101    507    404   1516    305 
   8    303    309   1012    303    101    407    406   1520    505 
   8    303    909    310    103    101    405    404   1414    505 
   8    308      0    310    303    101    305    404    101    507 
   8    306    909   1012    303    101    707    405   1314    305 
   8    303    709    310    103    101    606    404   1517    507 
   8    303    303   1010    303    101    507    405   1417    506 
   9    303    909    308    103    101    406    404   1418    505 
   9    306    615    310    103    101    408    404   1319    505 
   9    303    306    310    103    101    407    404   1424    508 
   9    303    909   1010    303    101    407    404   1825    505 
   9    306    307    310    303    101    404    404      0    507 
   9    306    309    311    303    101    406    405   1520    505 
   9    306    315   1010    303    101    404    405   2323    505 
   9    303    517   1011    103    101    404    405      0    305 
   9    306    309    310    303    101    707    404   1620    607 
   9    303    309   1010    303    101    304    404   1515    105 
   9    303    309    310    303    101    406    404   1616    606 
   9    303    309    308    103    101    407    405   1314    506 
   9    303    909    310    303    101    406    404    813    505 
   9    303    203    310    303    101    404    404    812    506 
   9    308    310    810    303    101    304    204    812    707 
   9    303    309   1010    304    101    406    404   1415    305 
   9    305    911    810    303    101    606    404   1416    303 
   9    306    309    810    303    101    405    404   1111    505 
   9    306    311   1010    303    101    405    404   1920      0 
   9    303    310    303    103    101    404    404    917    506 
   9    303    309   1010    303    101    404    404   1119    505 
   9    606    309   1010    303    101    406    404   1616    506 
   9    303    309    810    303    101    506    404   1214    505 
   9    305    306    308    303    101    404    405   1318    506 
