  1        1   (0)      1 :  0.0733 0.3495 0.2132 0.3640 
  2        2   (0)      1 :  0.1526 0.3273 0.1523 0.3679 
  3        3  (33)      1 :  0.0558 0.3838 0.1547 0.4056 
  4        4   (0)      1 :  0.0504 0.3686 0.1902 0.3908 
  5        5   (0)      1 :  0.1377 0.2560 0.3730 0.2332 
  6        6   (0)      1 :  0.0799 0.3455 0.1958 0.3789 
  7        7   (0)      1 :  0.1199 0.2608 0.3668 0.2525 
  8        8   (0)      1 :  0.1311 0.3345 0.1951 0.3392 
  9        9   (0)      1 :  0.0512 0.3364 0.2525 0.3600 
 10       10   (0)      1 :  0.4262 0.1847 0.2043 0.1848 
 11       11   (0)      1 :  0.2515 0.2653 0.2083 0.2748 
 12       12   (0)      1 :  0.0549 0.4071 0.1320 0.4059 
 13       13   (0)      1 :  0.0615 0.3760 0.1527 0.4097 
 14       14   (0)      1 :  0.1008 0.2854 0.3430 0.2707 
 15       15   (0)      1 :  0.0818 0.2965 0.3417 0.2799 
 16       16   (0)      1 :  0.0313 0.2609 0.4798 0.2280 
 17       17   (0)      1 :  0.4059 0.1667 0.2747 0.1528 
 18       18   (0)      1 :  0.0476 0.3358 0.2420 0.3746 
 19       19   (0)      1 :  0.1228 0.2846 0.3199 0.2726 
 20       20   (0)      1 :  0.0440 0.3207 0.3230 0.3123 
 21       21   (0)      1 :  0.0776 0.2369 0.4846 0.2009 
 22       22  (11)      1 :  0.0712 0.3123 0.2723 0.3442 
 23       23   (0)      1 :  0.0404 0.4086 0.1286 0.4224 
 24       24  (11)      1 :  0.1012 0.3366 0.2247 0.3376 
 25       25   (0)      1 :  0.0775 0.3519 0.1739 0.3967 
 26       26   (0)      1 :  0.0995 0.2749 0.3764 0.2491 
 27       27   (0)      1 :  0.1553 0.2862 0.2684 0.2901 
 28       28   (0)      1 :  0.1470 0.3276 0.1852 0.3402 
 29       29   (0)      1 :  0.0952 0.2531 0.4230 0.2288 
 30       30   (0)      1 :  0.3165 0.2185 0.2375 0.2274 
 31       31   (0)      2 :  0.1357 0.2936 0.2691 0.3016 
 32       32   (0)      2 :  0.0435 0.3835 0.1925 0.3806 
 33       33   (0)      2 :  0.0993 0.3155 0.2503 0.3349 
 34       34  (11)      2 :  0.3407 0.2341 0.1815 0.2437 
 35       35  (11)      2 :  0.0390 0.3733 0.1518 0.4358 
 36       36   (0)      2 :  0.1640 0.2761 0.2745 0.2853 
 37       37   (0)      2 :  0.1359 0.3040 0.2330 0.3272 
 38       38   (0)      2 :  0.1946 0.3178 0.1565 0.3311 
 39       39   (0)      2 :  0.0464 0.3572 0.2431 0.3534 
 40       40   (0)      2 :  0.1187 0.2274 0.4439 0.2099 
 41       41  (55)      2 :  0.7672 0.0757 0.0821 0.0750 
 42       42  (55)      2 :  0.1464 0.2763 0.3021 0.2751 
 43       43   (0)      2 :  0.2900 0.2238 0.2778 0.2083 
 44       44   (0)      2 :  0.0623 0.3230 0.3026 0.3120 
 45       45   (0)      2 :  0.0412 0.3989 0.1590 0.4009 
 46       46  (55)      2 :  0.2059 0.2834 0.2137 0.2970 
 47       47   (0)      2 :  0.1823 0.2744 0.2720 0.2713 
 48       48   (0)      2 :  0.0552 0.3941 0.1551 0.3957 
 49       49   (0)      2 :  0.0581 0.2189 0.5437 0.1793 
 50       50   (0)      2 :  0.1839 0.2003 0.4473 0.1685 
 51       51   (0)      2 :  0.1716 0.3041 0.2212 0.3030 
 52       52   (0)      2 :  0.0381 0.3385 0.2942 0.3292 
 53       53   (5)      2 :  0.1163 0.3221 0.2539 0.3078 
 54       54   (0)      2 :  0.0820 0.3408 0.2200 0.3573 
 55       55   (0)      2 :  0.1696 0.3191 0.1760 0.3353 
 56       56   (0)      2 :  0.0965 0.3351 0.2174 0.3510 
 57       57   (0)      2 :  0.2156 0.2680 0.2321 0.2842 
 58       58   (0)      2 :  0.0733 0.3577 0.1617 0.4073 
 59       59   (0)      2 :  0.0620 0.2761 0.4079 0.2540 
 60       60   (0)      2 :  0.0800 0.3696 0.1703 0.3801 
 61       61   (0)      3 :  0.0355 0.3880 0.1461 0.4305 
 62       62   (0)      3 :  0.2174 0.2505 0.2949 0.2372 
 63       63   (0)      3 :  0.3618 0.1969 0.2524 0.1889 
 64       64   (0)      3 :  0.0640 0.2794 0.3804 0.2762 
 65       65   (5)      3 :  0.0405 0.3503 0.2389 0.3702 
 66       66   (0)      3 :  0.0321 0.3695 0.1936 0.4048 
 67       67   (0)      3 :  0.0558 0.3715 0.1612 0.4115 
 68       68   (0)      3 :  0.1172 0.3361 0.2107 0.3361 
 69       69   (0)      3 :  0.2078 0.2627 0.2615 0.2681 
 70       70   (0)      3 :  0.0769 0.3629 0.1861 0.3741 
 71       71   (0)      3 :  0.2158 0.2258 0.3531 0.2052 
 72       72   (0)      3 :  0.1096 0.2331 0.4626 0.1946 
 73       73   (0)      3 :  0.0704 0.3019 0.3255 0.3021 
 74       74  (33)      3 :  0.1092 0.3053 0.2826 0.3029 
 75       75   (0)      3 :  0.1203 0.3183 0.2146 0.3468 
 76       76   (0)      3 :  0.1489 0.3050 0.2301 0.3161 
 77       77   (0)      3 :  0.2336 0.2847 0.1831 0.2987 
 78       78   (5)      3 :  0.1766 0.3036 0.2074 0.3123 
 79       79   (0)      3 :  0.0360 0.4027 0.1523 0.4090 
 80       80   (0)      3 :  0.1522 0.2756 0.2886 0.2837 
 81       81   (0)      3 :  0.0923 0.2229 0.4916 0.1931 
 82       82   (0)      3 :  0.1638 0.2799 0.2964 0.2599 
 83       83   (0)      3 :  0.0435 0.2058 0.5985 0.1522 
 84       84   (0)      3 :  0.0720 0.3292 0.2708 0.3280 
 85       85  (22)      3 :  0.0340 0.2501 0.4932 0.2226 
 86       86   (0)      3 :  0.0930 0.3640 0.1778 0.3651 
 87       87   (0)      3 :  0.0467 0.3898 0.1593 0.4041 
 88       88   (0)      3 :  0.0787 0.2206 0.5153 0.1853 
 89       89   (0)      3 :  0.0524 0.3382 0.2389 0.3705 
 90       90   (0)      3 :  0.0720 0.1700 0.6498 0.1081 
 91       91  (11)      3 :  0.1488 0.2275 0.4318 0.1918 
 92       92   (0)      4 :  0.2736 0.1813 0.3968 0.1483 
 93       93  (22)      4 :  0.0636 0.3502 0.2083 0.3780 
 94       94  (22)      4 :  0.1388 0.2120 0.4671 0.1822 
 95       95   (0)      4 :  0.0914 0.3185 0.2725 0.3175 
 96       96  (22)      4 :  0.0388 0.3598 0.2180 0.3833 
 97       97   (0)      4 :  0.1524 0.2694 0.3280 0.2501 
 98       98   (0)      4 :  0.1084 0.3648 0.1620 0.3649 
 99       99   (0)      4 :  0.1353 0.2832 0.3087 0.2727 
100      100   (0)      4 :  0.1138 0.3309 0.2086 0.3467 
101      101   (0)      4 :  0.0404 0.3837 0.1638 0.4121 
102      102   (0)      4 :  0.0631 0.3624 0.1879 0.3867 
103      103   (0)      4 :  0.0889 0.3243 0.2376 0.3493 
104      104   (0)      4 :  0.0526 0.3865 0.1405 0.4203 
105      105   (0)      4 :  0.1832 0.2971 0.2140 0.3057 
106      106   (0)      4 :  0.0890 0.1915 0.5818 0.1378 
107      107   (0)      4 :  0.0878 0.3562 0.1536 0.4024 
108      108   (0)      4 :  0.0782 0.3291 0.2456 0.3470 
109      109   (0)      4 :  0.2630 0.2486 0.2481 0.2403 
110      110   (0)      4 :  0.0810 0.3273 0.2756 0.3161 
111      111   (0)      4 :  0.2058 0.3119 0.1602 0.3222 
112      112   (0)      4 :  0.0503 0.3579 0.2164 0.3754 
113      113   (0)      4 :  0.1157 0.2995 0.2625 0.3224 
114      114   (0)      4 :  0.4780 0.1355 0.2714 0.1150 
115      115   (0)      4 :  0.1179 0.3023 0.2739 0.3060 
116      116   (0)      4 :  0.0555 0.2518 0.4657 0.2271 
117      117   (0)      4 :  0.0692 0.3762 0.1580 0.3966 
118      118   (0)      4 :  0.0434 0.3608 0.2314 0.3643 
119      119   (0)      4 :  0.0532 0.3663 0.1900 0.3905 
120      120   (5)      4 :  0.0323 0.4091 0.1443 0.4142 
121      121   (0)      4 :  0.3793 0.1645 0.3077 0.1485 
122      122   (0)      4 :  0.6953 0.1063 0.0923 0.1061 
123      123   (0)      5 :  0.3045 0.2110 0.2842 0.2003 
124      124   (0)      5 :  0.0983 0.3264 0.2275 0.3477 
125      125  (55)      5 :  0.2639 0.2628 0.1889 0.2844 
126      126   (0)      5 :  0.1513 0.3318 0.1780 0.3389 
127      127  (11)      5 :  0.1251 0.3268 0.2155 0.3326 
128      128   (0)      5 :  0.1570 0.1822 0.5256 0.1352 
129      129   (0)      5 :  0.0407 0.2885 0.3728 0.2981 
130      130   (0)      5 :  0.1819 0.2851 0.2242 0.3087 
131      131   (0)      5 :  0.0421 0.3955 0.1494 0.4129 
132      132  (11)      5 :  0.7516 0.0832 0.0837 0.0815 
133      133   (0)      5 :  0.1047 0.3317 0.2137 0.3500 
134      134   (0)      5 :  0.0381 0.3682 0.2153 0.3785 
135      135   (0)      5 :  0.0780 0.2959 0.3350 0.2912 
136      136  (11)      5 :  0.2046 0.2817 0.2259 0.2878 
137      137  (22)      5 :  0.0361 0.3470 0.2850 0.3318 
138      138  (22)      5 :  0.0970 0.3412 0.1937 0.3682 
139      139   (0)      5 :  0.3850 0.2132 0.1857 0.2161 
140      140   (0)      5 :  0.0756 0.3163 0.3014 0.3067 
141      141  (11)      6 :  0.1697 0.1848 0.5018 0.1438 
142      142  (11)      6 :  0.0488 0.3474 0.2230 0.3808 
143      143   (0)      6 :  0.1245 0.2840 0.3205 0.2711 
144      144   (0)      6 :  0.2615 0.2763 0.1659 0.2962 
145      145   (0)      6 :  0.1089 0.3107 0.2592 0.3213 
146      146   (5)      6 :  0.0838 0.1906 0.5921 0.1335 
147      147  (11)      6 :  0.0770 0.3463 0.1842 0.3925 
148      148   (0)      6 :  0.1826 0.3005 0.2023 0.3147 
149      149   (0)      6 :  0.0649 0.3565 0.1990 0.3795 
150      150   (0)      6 :  0.3370 0.2146 0.2414 0.2070 
151      151  (11)      6 :  0.0586 0.3760 0.1806 0.3849 
152      152   (0)      6 :  0.2414 0.2233 0.3252 0.2102 
153      153   (0)      6 :  0.0939 0.3409 0.2078 0.3574 
154      154   (0)      6 :  0.0485 0.3634 0.1829 0.4052 
155      155   (0)      6 :  0.0539 0.3258 0.3091 0.3113 
156      156   (0)      6 :  0.1038 0.2772 0.3443 0.2747 
157      157   (0)      6 :  0.1471 0.3065 0.2209 0.3255 
158      158   (0)      6 :  0.0734 0.2665 0.4226 0.2376 
159      159   (0)      6 :  0.1239 0.2186 0.4797 0.1779 
160      160   (0)      6 :  0.0608 0.3874 0.1328 0.4191 
161      161  (11)      6 :  0.0679 0.3067 0.2976 0.3278 
162      162   (0)      6 :  0.0503 0.3772 0.1858 0.3868 
163      163   (0)      6 :  0.0638 0.3731 0.1811 0.3820 
164      164   (0)      6 :  0.3147 0.1899 0.3274 0.1680 
165      165   (5)      6 :  0.5748 0.1222 0.1924 0.1106 
166      166   (0)      6 :  0.2281 0.2698 0.2254 0.2768 
167      167   (0)      6 :  0.1658 0.3232 0.1917 0.3194 
168      168   (0)      6 :  0.0816 0.3213 0.2478 0.3494 
169      169   (0)      6 :  0.2924 0.2428 0.2246 0.2402 
170      170   (0)      6 :  0.2830 0.1943 0.3464 0.1762 
171      171   (0)      7 :  0.0858 0.3143 0.2599 0.3401 
172      172  (11)      7 :  0.1378 0.3078 0.2478 0.3065 
173      173  (11)      7 :  0.2771 0.2572 0.1914 0.2743 
174      174  (11)      7 :  0.1988 0.2953 0.2176 0.2883 
175      175   (0)      7 :  0.0556 0.2938 0.3428 0.3077 
176      176   (0)      7 :  0.1281 0.2391 0.4060 0.2267 
177      177  (11)      7 :  0.0612 0.3234 0.2870 0.3283 
178      178  (11)      7 :  0.2587 0.2460 0.2354 0.2599 
179      179   (0)      7 :  0.1963 0.3175 0.1703 0.3160 
180      180  (16)      7 :  0.1658 0.3061 0.2286 0.2994 
181      181   (0)      7 :  0.6714 0.1024 0.1221 0.1041 
182      182   (0)      7 :  0.0480 0.2834 0.3960 0.2726 
183      183  (22)      7 :  0.1465 0.3186 0.1708 0.3641 
184      184   (0)      7 :  0.1680 0.2161 0.4248 0.1912 
185      185  (11)      7 :  0.0619 0.3450 0.2473 0.3457 
186      186   (0)      7 :  0.0646 0.3699 0.1521 0.4133 
187      187   (0)      7 :  0.1251 0.3342 0.1584 0.3823 
188      188   (0)      7 :  0.4804 0.1601 0.2068 0.1527 
189      189   (0)      7 :  0.2052 0.2440 0.3302 0.2206 
190      190   (0)      7 :  0.0913 0.3491 0.1969 0.3628 
191      191   (0)      7 :  0.1124 0.3342 0.1984 0.3550 
192      192   (0)      7 :  0.0702 0.2469 0.4547 0.2283 
193      193  (11)      7 :  0.0473 0.3718 0.1830 0.3979 
194      194  (11)      7 :  0.2111 0.2989 0.1791 0.3109 
195      195   (0)      7 :  0.2070 0.2381 0.3261 0.2289 
196      196   (0)      7 :  0.1294 0.3360 0.1681 0.3665 
197      197  (22)      7 :  0.3062 0.2383 0.2056 0.2498 
198      198   (0)      7 :  0.1737 0.2936 0.2258 0.3069 
199      199  (22)      7 :  0.1726 0.2937 0.2489 0.2847 
200      200   (0)      7 :  0.3306 0.2305 0.1985 0.2404 
201      201   (0)      8 :  0.7874 0.0660 0.0813 0.0654 
202      202   (0)      8 :  0.7197 0.0990 0.0790 0.1022 
203      203   (0)      8 :  0.5120 0.1647 0.1635 0.1598 
204      204   (0)      8 :  0.5732 0.1252 0.1811 0.1205 
205      205   (0)      8 :  0.8082 0.0540 0.0874 0.0504 
206      206  (11)      8 :  0.1198 0.1421 0.6675 0.0706 
207      207   (0)      8 :  0.6967 0.0951 0.1172 0.0911 
208      208   (0)      8 :  0.5475 0.1320 0.1963 0.1243 
209      209   (0)      8 :  0.8044 0.0650 0.0651 0.0655 
210      210   (0)      8 :  0.6483 0.0808 0.2055 0.0653 
211      211   (0)      8 :  0.3812 0.1626 0.3160 0.1402 
212      212   (0)      8 :  0.6271 0.0761 0.2416 0.0552 
213      213   (0)      8 :  0.8636 0.0456 0.0450 0.0458 
214      214   (0)      8 :  0.4576 0.1001 0.3789 0.0635 
215      215   (0)      8 :  0.8191 0.0606 0.0587 0.0616 
216      216   (0)      8 :  0.6781 0.0883 0.1533 0.0803 
217      217   (0)      8 :  0.8408 0.0521 0.0554 0.0517 
218      218   (0)      8 :  0.8043 0.0622 0.0702 0.0633 
219      219   (0)      8 :  0.7948 0.0683 0.0695 0.0674 
220      220   (0)      8 :  0.8479 0.0498 0.0523 0.0500 
221      221   (5)      8 :  0.1330 0.2543 0.3666 0.2460 
222      222   (0)      8 :  0.8546 0.0455 0.0553 0.0446 
223      223   (0)      8 :  0.7627 0.0728 0.0935 0.0710 
224      224   (0)      8 :  0.7007 0.0995 0.0977 0.1021 
225      225   (0)      9 :  0.8639 0.0433 0.0501 0.0426 
226      226   (0)      9 :  0.4659 0.1280 0.3010 0.1051 
227      227   (0)      9 :  0.7697 0.0491 0.1429 0.0382 
228      228   (0)      9 :  0.7529 0.0633 0.1284 0.0554 
229      229  (11)      9 :  0.6847 0.1022 0.1101 0.1030 
230      230   (0)      9 :  0.7959 0.0535 0.1033 0.0472 
231      231   (0)      9 :  0.6310 0.1086 0.1597 0.1008 
232      232  (11)      9 :  0.3052 0.1696 0.3812 0.1440 
233      233   (0)      9 :  0.8655 0.0410 0.0540 0.0395 
234      234   (0)      9 :  0.7017 0.0774 0.1516 0.0692 
235      235   (0)      9 :  0.8643 0.0444 0.0467 0.0446 
236      236   (0)      9 :  0.8308 0.0515 0.0675 0.0502 
237      237   (0)      9 :  0.8504 0.0464 0.0589 0.0443 
238      238   (0)      9 :  0.6400 0.1200 0.1183 0.1218 
239      239   (0)      9 :  0.1621 0.1723 0.5395 0.1261 
240      240   (0)      9 :  0.8301 0.0555 0.0592 0.0552 
241      241   (0)      9 :  0.7641 0.0714 0.0936 0.0710 
242      242   (0)      9 :  0.5711 0.1525 0.1126 0.1637 
243      243   (5)      9 :  0.5954 0.1277 0.1524 0.1246 
244      244   (0)      9 :  0.5179 0.0923 0.3278 0.0620 
245      245   (0)      9 :  0.6505 0.1246 0.0990 0.1259 
246      246   (0)      9 :  0.8732 0.0419 0.0431 0.0418 
247      247   (0)      9 :  0.8054 0.0663 0.0594 0.0689 
248      248   (0)      9 :  0.5554 0.1328 0.1819 0.1300 
